0
475
950
1484
2000
2617
3117
3684
4201
4751
5318
5851
6385
6968
7484
8018
8567
9118
9634
10185
10753
11303
11852
12386
12869
13436
13936
14503
15087
15586
16137
16670
17220
17770
18304
18853
19403
19937
20470
20988
21537
22071
22621
23121
23705
24238
24805
25305
25871
26421
26954
27488
28022
28556
29072
29656
30189
30723
31272
31806
32356
32906
33439
33990
34507
35090
35607
36123
36673
37207
37741
38308
38840
39407
39908
40440
41024
41558
42107
42625
43158
43708
44258
44758
45325
45859
46409
46926
47492
48026
48593
49143
49659
50143
50744
51276
51794
52311
52893
53427
53978
54510
55043
55594
56128
56677
57211
57744
58311
58844
59374
59874
60441
60957
61541
62074
62591
63142
63709
64225
64776
65309
65859
66409
66926
67476
68009
68542
69077
69627
70143
70709
71260
71810
72327
72893
73444
73977
74510
75043
75577
76143
76661
77211
77777
78295
78860
79395
79911
80478
81012
81545
82095
82595
83162
83696
84212
84796
85313
85863
86362
86930
87497
88046
88580
89112
89679
90179
90730
91262
91812
92380
92896
93446
93996
94496
95030
95597
96146
96696
97213
97731
98314
98832
99398
99898
100465
101032
101565
102081
102632
103148
103698
104232
104782
105316
105832
106382
106932
107482
107982
108532
109083
109649
110149
110733
111283
111800
112350
112883
113416
114016
114516
115033
115585
116118
116652
117168
117751
118285
118818
119369
119935
120436
120969
121502
122119
122619
123170
123686
124236
124769
125319
125836
126403
126919
127487
128020
128554
129070
129603
130137
130720
131287
131804
132337
132854
133422
133972
134505
135039
135588
136123
136689
137205
137739
138306
138839
139373
139889
140472
141057
141572
142089
142606
143139
143706
144206
144773
145256
145824
146424
146957
147508
148057
148607
149073
149590
150157
150725
151275
151825
152375
152892
153474
153992
154508
155058
155608
156091
156658
157225
157758
158291
158808
159408
159958
160493
161042
161592
162159
162659
163175
163725
164259
164776
165359
165909
166460
166960
167476
168027
168560
169111
169694
170261
170811
171311
171811
172328
172878
173428
173978
174528
175045
175561
176129
176679
177212
177762
178295
178845
179379
179896
180463
180979
181529
182046
182612
183147
183713
184230
184763
185296
185830
186397
186931
187481
188031
188547
189098
189615
190131
190681
191298
191831
192348
192898
193432
193965
194498
195048
195599
196099
196649
197182
197749
198266
198832
199366
199933
200449
200999
201499
202099
202617
203151
203701
204251
204768
205334
205852
206401
206934
207485
208051
208585
209100
209667
210185
210667
211268
211785
212351
212852
213451
213969
214535
215051
215601
216118
216635
217235
217752
218286
218836
219369
219919
220453
220971
221570
222087
222637
223187
223670
224237
224787
225305
225837
226354
226937
227487
228022
228554
229121
229621
230155
230722
231255
231771
232338
232872
233438
233955
234506
235072
235605
236138
236689
237189
237740
238256
238807
239373
239874
240407
241024
241557
242074
242624
243191
243725
244241
244808
245325
245858
245908
246391
246975
247508
248042
248592
249125
249675
250241
250775
